TOUR 0
8 4 4 8 8 8 8 3 1 8 8 8 8 8 8 
8 8 8 4 8 8 8 8 8 1 8 3 7 0 8 
8 8 8 5 8 8 8 8 8 5 8 8 0 8 8 
8 8 8 8 8 0 8 8 8 8 8 8 8 8 8 
8 8 4 1 8 8 3 8 8 8 8 8 8 8 8 
8 8 8 8 8 8 2 8 8 8 8 8 0 7 8 
0 8 8 8 8 8 8 8 8 8 8 8 8 8 8 
4 8 8 8 1 8 8 8 8 8 8 8 0 8 6 
8 8 8 5 8 8 8 8 8 8 8 2 8 7 4 
8 8 8 8 8 8 8 8 8 8 8 8 5 8 8 
8 8 8 8 8 8 8 8 8 8 8 0 8 8 6 
8 4 8 8 8 8 8 8 8 8 8 8 8 8 8 
8 8 8 8 8 4 8 8 8 8 1 8 8 8 8 
8 8 8 0 8 8 8 8 4 8 8 8 8 8 8 
8 8 0 8 4 8 5 8 8 8 8 8 8 8 0 
TOUR 1
8 4 4 8 8 8 8 3 1 8 8 8 8 1 8 
8 8 8 8 4 8 8 8 8 1 8 3 7 0 8 
8 8 8 5 8 8 8 8 8 5 8 8 0 8 8 
8 8 8 8 2 8 0 8 8 8 8 8 8 8 8 
8 8 4 8 8 8 3 8 8 8 8 8 8 8 8 
8 8 8 8 8 8 8 8 8 8 8 0 8 8 8 
0 8 8 8 8 8 8 8 8 5 8 8 8 8 8 
4 8 8 8 1 8 1 8 8 8 8 8 0 8 6 
8 8 8 5 8 8 8 8 8 8 8 2 8 7 8 
4 8 8 8 8 8 8 8 8 8 8 8 8 8 8 
8 8 8 8 8 8 8 8 8 8 0 8 8 8 6 
8 8 4 8 8 8 8 8 8 8 8 8 8 8 8 
8 8 8 8 8 4 8 8 8 4 8 8 8 8 8 
8 8 8 0 8 8 8 8 8 8 8 8 8 8 8 
8 8 8 0 4 8 5 8 8 8 8 8 8 8 0 
